src/main/resources/static/json/water.json
{"header": {"parameterUnit": "m.s-1", "parameterNumber": 3, "dx": 0.1, "dy": 0.1, "parameterNumberName":"Northward current", "la1": 19.5, "la2": 12.5, "parameterCategory": 2, "lo2": 119, "nx": 109, "ny": 71,"refTime": "2018-12-01 23:00:00", "lo1": 108.2}, "data":
[rows 28 to 55 of 71, columns 0 to 62 of 109]
-8.634851,-8.960835,-8.513873,-6.9623,-4.086392,-0.6693971,1.846026,2.833069,1.663988,-1.410081,-6.771689,-12.30485,-16.51407,-20.02112,-22.94119,-28.12321,-30.59004,-30.93596,-29.03669,-26.35254,-23.2924,-20.2105,-17.36919,-14.70176,-12.32372,-10.35285,-8.779078,-7.639159,-7.116234,-6.91978,-6.728092,-6.170239,-5.264136,-3.874304,-2.263324,-1.371791,-2.482671,-4.474767,-4.853816,-3.847864,-3.412266,-4.134978,-5.539001,-6.228681,-3.718473,-1.494502,-2.218177,-4.436146,-4.817502,-4.479413,-4.057276,-3.444602,-2.634602,-1.874662,-1.752322,-2.482681,-3.392731,-3.786671,-3.477534,-2.653827,-1.827093,-1.302181,-1.034674
-8.132335,-8.99454,-8.916403,-7.665838,-5.52704,-2.616054,0.03939979,1.031045,0.07849341,-3.424892,-8.78763,-14.99928,-19.66634,-22.81486,-27.17126,-30.42303,-32.19192,-30.98828,-28.41324,-25.28937,-22.02824,-18.91193,-16.01878,-13.35853,-11.07723,-9.203177,-7.780761,-6.972921,-6.655019,-6.788616,-6.713827,-6.189098,-4.818811,-2.896382,-0.5095357,1.030074,-2.105488,-6.678208,-6.992856,-5.893105,-4.911801,-4.530302,-4.381595,-2.38159,1.611984,-0.2160137,-2.544296,-4.856718,-4.98382,-4.784113,-4.512069,-3.994158,-3.229438,-2.501662,-2.476817,-3.220146,-4.122844,-4.488589,-4.080943,-3.146605,-2.229855,-1.668484,-1.336014
-7.191373,-9.151886,-9.454317,-8.685987,-6.812328,-4.287536,-1.863289,-0.6480405,-2.062929,-5.460832,-10.68488,-16.80855,-21.3739,-26.89955,-29.65194,-32.79765,-33.24252,-31.27023,-27.94404,-24.4707,-21.00005,-17.75076,-14.75589,-12.05099,-9.816123,-8.117454,-6.969177,-6.411959,-6.46201,-6.605332,-6.649664,-5.854851,-4.343672,-2.070143,0.4709427,1.246928,-2.405421,-7.650063,-8.005396,-6.749509,-5.32883,-3.882599,-1.550914,2.701621,4.076645,-0.1228071,-5.275091,-5.530914,-5.263778,-5.179237,-5.003503,-4.570922,-3.818175,-3.181178,-3.220019,-3.835531,-4.600136,-4.860117,-4.416867,-3.482514,-2.582976,-2.01317,-1.610867
-4.656484,-6.059635,-8.458815,-8.66719,-7.686878,-5.746931,-3.458227,-2.298734,-3.776032,-7.993998,-13.64347,-19.69349,-26.98507,-30.06842,-33.0081,-34.92239,-34.48906,-31.65272,-27.88073,-23.97043,-20.2491,-16.79204,-13.57033,-10.76598,-8.606587,-7.094621,-6.261015,-6.056325,-6.234412,-6.552604,-6.341702,-5.504216,-3.850616,-1.991792,-0.7751057,-0.529887,-2.36152,-7.47887,-8.076158,-6.506162,-4.437007,-2.571507,2.008499,4.342182,1.291825,-4.06392,-7.161453,-6.329533,-5.69563,-5.530398,-5.377157,-4.896114,-4.224997,-3.722544,-3.73116,-4.172498,-4.782182,-4.968469,-4.539021,-3.693796,-2.864547,-2.323841,-1.860161
1.571071,-2.26327,-4.882874,-6.468631,-6.746097,-5.803729,-4.455139,-3.893077,-5.744247,-10.81508,-16.85332,-24.71929,-30.05542,-33.79458,-36.33485,-37.23127,-35.88434,-32.50743,-28.17484,-23.83456,-19.75999,-16.01645,-12.60415,-9.75822,-7.707848,-6.291789,-5.311342,-5.196104,-5.916517,-6.463905,-6.381964,-5.225768,-3.544617,-1.873871,0.2667235,2.168941,-1.639735,-7.933666,-8.18404,-6.090602,-3.632251,-0.934823,2.522151,0.8391011,-3.918976,-5.534395,-7.231846,-6.802419,-6.042667,-5.802596,-5.426617,-4.920406,-4.342935,-3.992926,-3.918467,-4.225989,-4.712619,-4.854521,-4.510786,-3.805784,-3.086775,-2.552826,-2.062936
0.0,-0.6689702,-2.620889,-4.514701,-3.951199,-3.947808,-4.477233,-5.016534,-7.591501,-13.56514,-21.79173,-28.36437,-33.61943,-38.32404,-39.94184,-39.75229,-37.73905,-33.70844,-28.90257,-23.98869,-19.46441,-15.44677,-11.89958,-9.162795,-7.182802,-5.728194,-4.42065,-2.993523,-4.792631,-7.268005,-6.775795,-5.201458,-3.544983,-1.922135,-0.2575551,1.407494,-2.22961,-9.616097,-9.190599,-6.268627,-3.802367,-2.310863,-1.105018,-2.508568,-5.335239,-6.351241,-7.28317,-6.665472,-6.154965,-5.60674,-5.091106,-4.5584,-4.195695,-3.945277,-3.848772,-4.088074,-4.523414,-4.674531,-4.382518,-3.798265,-3.18104,-2.697268,-2.214127
0.0,0.0,-2.41721,-0.5339773,-0.3101522,-2.569104,-3.774111,-4.290847,-8.04606,-16.34822,-25.13163,-31.80844,-36.4763,-40.43267,-42.33224,-42.5517,-39.93271,-35.522,-29.98554,-24.4239,-19.41388,-15.07375,-11.48496,-8.805244,-6.881827,-5.036732,-2.886036,-0.1622512,-4.528554,-7.691315,-7.119373,-5.318762,-3.578142,-2.410489,-1.050357,0.4153566,-3.095386,-11.21254,-9.577025,-6.23999,-4.017227,-2.804839,-0.04504253,-1.183949,-6.923017,-7.740402,-6.979418,-6.344992,-5.582374,-5.02292,-4.489599,-4.170024,-3.925884,-3.723387,-3.626753,-3.921587,-4.322198,-4.438265,-4.136055,-3.583504,-3.041045,-2.635052,-2.208665
0.0,0.0,-2.116803,2.918265,3.011927,0.4446051,-0.590441,-1.563862,-6.973498,-17.52012,-26.4151,-32.15553,-36.06584,-41.38728,-45.3981,-45.1241,-42.68472,-37.64788,-31.45885,-25.13019,-19.50523,-14.81724,-11.12181,-8.552599,-6.527264,-4.579233,-1.9701,0.5132281,-2.555915,-6.79083,-6.935572,-5.308399,-3.953258,-2.889101,-2.317323,-2.123583,-4.790109,-10.34141,-8.434267,-5.285993,-3.663851,-2.309685,-1.118752,-5.248205,-12.84977,-8.230959,-6.734654,-5.783941,-5.161065,-4.565458,-4.181832,-3.860698,-3.594723,-3.353022,-3.435287,-3.778094,-4.10354,-4.094722,-3.707861,-3.127086,-2.616803,-2.334371,-2.022767
0.0,0.0,0.0,1.284007,1.143845,0.495276,1.171969,0.71354,-7.612481,-15.58016,-20.92787,-28.20073,-35.12097,-40.93258,-44.7263,-47.65824,-45.59452,-40.25271,-33.26752,-26.08986,-19.80348,-14.66983,-10.98307,-8.407958,-6.434459,-4.341644,-2.286365,-0.9098976,-2.684479,-5.825755,-6.07416,-5.154661,-4.14542,-3.695608,-3.425625,-3.96845,-6.071017,-8.132645,-6.787744,-4.734317,-3.684432,-3.282528,-3.046708,-7.06739,-13.06231,-8.265514,-6.296496,-5.545859,-4.828662,-4.282043,-3.794578,-3.417578,-3.125087,-3.050985,-3.215245,-3.513554,-3.717559,-3.58977,-3.128474,-2.530513,-2.067315,-1.851338,-1.634009
0.0,0.0,0.0,0.0,-1.825019,3.54202,3.450628,0.3195071,-4.730557,-11.19884,-19.59943,-27.68554,-32.15488,-42.06033,-51.98565,-52.97851,-49.32935,-43.13118,-35.31485,-27.29598,-20.22462,-14.79895,-11.04373,-8.557378,-6.497195,-4.545476,-2.784323,-2.068527,-3.136932,-4.776714,-5.197358,-4.739871,-4.52797,-4.439017,-4.619178,-5.323909,-6.429944,-7.169004,-6.070903,-5.000221,-4.671663,-4.843471,-6.060817,-8.684688,-9.874812,-7.284311,-6.140508,-5.184567,-4.429235,-3.739757,-3.211978,-2.819118,-2.631593,-2.623744,-2.780931,-2.989336,-3.111364,-2.938607,-2.457994,-1.868266,-1.428651,-1.216347,-0.9566728
0.0,0.0,0.0,0.0,-1.992354,0.3032462,0.2451212,-0.3418868,-3.355811,-8.26831,-16.86773,-27.34885,-39.94259,-60.35887,-64.06905,-59.11066,-53.27328,-45.95736,-37.43871,-28.5555,-20.86989,-15.13712,-11.39912,-8.859804,-6.85553,-5.024514,-3.51022,-2.836283,-3.279186,-4.185539,-4.55847,-4.681692,-4.841245,-5.124256,-5.58097,-6.139743,-6.801793,-6.852735,-6.221067,-5.755254,-5.998636,-6.735799,-7.741863,-8.552448,-8.152197,-6.322577,-5.612743,-4.577055,-3.667857,-2.93849,-2.379086,-2.030414,-1.867882,-1.886515,-2.015271,-2.172765,-2.226817,-2.037136,-1.593129,-1.071343,-0.6853885,-0.4545551,-0.2508149
0.0,0.0,0.0,0.0,0.0,-1.731981,-1.641847,-2.569909,-4.682879,-7.646553,-15.94261,-28.26646,-44.68517,-63.76309,-68.67065,-64.43941,-56.78386,-48.6213,-39.37372,-29.90192,-21.62379,-15.77931,-11.94528,-9.397188,-7.443124,-5.756844,-4.312393,-3.514864,-3.511029,-3.99443,-4.477832,-4.824279,-5.196054,-5.676708,-6.161299,-6.718128,-7.038621,-7.028897,-6.633505,-6.636029,-7.151383,-7.839427,-8.266604,-8.145681,-7.037392,-5.701401,-4.714656,-3.638221,-2.678931,-1.930087,-1.428074,-1.130461,-1.040897,-1.117875,-1.302097,-1.465706,-1.477709,-1.244164,-0.8094395,-0.3480926,-0.02754703,0.08099493,0.2078918
0.0,0.0,0.0,0.0,0.0,0.0,-1.412164,-2.95229,-10.23712,-12.26028,-21.3686,-33.12279,-43.62587,-59.13691,-66.3429,-66.35262,-59.4062,-50.74524,-41.1241,-31.05719,-22.53568,-16.51291,-12.67707,-10.13668,-8.196452,-6.567066,-5.19951,-4.230878,-3.976033,-4.303895,-4.796479,-5.205381,-5.585073,-6.024088,-6.594543,-7.100505,-7.439739,-7.368163,-7.186087,-7.315956,-7.835397,-8.247031,-8.257021,-7.576921,-6.317039,-4.967177,-3.831075,-2.68567,-1.761331,-1.079964,-0.6579365,-0.4492211,-0.4411365,-0.6263803,-0.8774353,-1.048676,-0.9882945,-0.6483446,-0.1550122,0.3056347,0.4918639,0.4788075,0.4252524
0.0,0.0,0.0,0.0,0.0,0.0,0.0,0.0,-18.71809,-14.16986,-19.54766,-26.97103,-37.55367,-52.95955,-64.16103,-66.72266,-60.8499,-52.44342,-42.45884,-32.13353,-23.38926,-17.32149,-13.47859,-10.96001,-8.99061,-7.471772,-6.073562,-5.036791,-4.57333,-4.828891,-5.292994,-5.648287,-5.928678,-6.336591,-6.838522,-7.371324,-7.685101,-7.729759,-7.625907,-7.840197,-8.195148,-8.362031,-7.981687,-7.04038,-5.604171,-4.221372,-2.931813,-1.774896,-0.8546377,-0.2511117,0.05992851,0.1540755,0.09332117,-0.1199588,-0.3757912,-0.5314739,-0.4152853,-0.02058576,0.5081928,0.9042506,1.029295,0.8709742,0.6995444
0.0,0.0,0.0,0.0,0.0,0.0,0.0,0.0,-28.79428,-21.18847,-16.0835,-22.9755,-32.60958,-47.15744,-61.70911,-66.59328,-61.736,-53.47085,-43.49925,-32.9967,-24.35132,-18.20573,-14.39788,-11.73751,-9.816338,-8.240377,-6.895677,-5.690023,-5.093184,-5.246036,-5.717828,-6.054486,-6.315944,-6.607106,-7.017375,-7.401412,-7.741184,-7.88763,-8.034591,-8.256531,-8.457243,-8.288746,-7.637817,-6.459661,-4.92832,-3.417209,-2.030137,-0.7768168,0.1750532,0.7570486,0.9934511,1.01651,0.9039273,0.6713651,0.4121607,0.2901931,0.4194517,0.7701748,1.165469,1.483223,1.541115,1.350848,1.060524
0.0,0.0,0.0,0.0,0.0,0.0,0.0,0.0,-34.45981,-16.05404,-9.514063,-14.3124,-21.15579,-37.13419,-58.57998,-66.28944,-62.10101,-54.17785,-44.12225,-33.81788,-25.16793,-19.2459,-15.30727,-12.58314,-10.45958,-8.894263,-7.459032,-6.193767,-5.441795,-5.625478,-6.129248,-6.536263,-6.754356,-6.979942,-7.241971,-7.547044,-7.732981,-7.997747,-8.306993,-8.569293,-8.58598,-8.231065,-7.377395,-6.106544,-4.449075,-2.804487,-1.230996,0.1718845,1.316477,1.998237,2.21979,2.167221,1.979033,1.678222,1.387205,1.246813,1.338633,1.559175,1.785014,1.936374,1.948418,1.718906,1.365713
0.0,0.0,0.0,0.0,0.0,0.0,0.0,0.0,-14.60855,-15.45916,-11.74791,-11.20163,-17.61667,-32.87461,-55.71969,-65.1469,-62.22163,-54.49774,-44.66713,-34.46322,-26.13861,-20.20014,-16.26514,-13.26907,-11.06895,-9.347013,-7.938758,-6.624231,-5.910213,-6.076628,-6.598625,-6.989732,-7.204782,-7.309774,-7.444351,-7.602777,-7.766303,-8.097342,-8.510123,-8.717216,-8.675941,-8.208125,-7.269943,-5.848129,-4.062139,-2.25295,-0.5104867,1.111475,2.452636,3.332385,3.582033,3.448929,3.146374,2.768511,2.40727,2.196478,2.149723,2.202033,2.235015,2.231999,2.103382,1.808377,1.398067
0.0,0.0,0.0,0.0,0.0,0.0,0.0,0.0,-10.16661,-15.79257,-17.25848,-14.62521,-14.94697,-26.2177,-51.89303,-64.31747,-62.34134,-54.87445,-45.03028,-35.30728,-27.02685,-21.29565,-17.13147,-14.03451,-11.56315,-9.883359,-8.454271,-7.165303,-6.369329,-6.473965,-6.907549,-7.316978,-7.505689,-7.56037,-7.531133,-7.606476,-7.745662,-8.128001,-8.528083,-8.748178,-8.597548,-8.029152,-6.963207,-5.441223,-3.53367,-1.653271,0.2131112,1.988118,3.520611,4.533485,4.826708,4.631234,4.236629,3.784649,3.360295,3.063865,2.898808,2.769641,2.624595,2.430187,2.13097,1.682001,1.198276
0.0,0.0,0.0,0.0,0.0,0.0,0.0,0.0,0.0,-16.93173,-22.95885,-19.80221,-16.85737,-26.41144,-50.3063,-63.59203,-62.31304,-55.00702,-45.68361,-36.08706,-28.1755,-22.30338,-18.10425,-14.68819,-12.18567,-10.42864,-8.993335,-7.5772,-6.70088,-6.63362,-7.036257,-7.445488,-7.679896,-7.681437,-7.590579,-7.580035,-7.728987,-8.052081,-8.368035,-8.473279,-8.195045,-7.434102,-6.273904,-4.718541,-2.776316,-0.8429806,1.049687,2.921383,4.533864,5.603153,5.941812,5.742427,5.243927,4.682081,4.132659,3.753059,3.502858,3.271727,2.942524,2.555958,2.057292,1.448824,0.8598579
0.0,0.0,0.0,0.0,0.0,0.0,0.0,0.0,0.0,0.0,-20.19659,-22.38176,-19.513,-27.76021,-49.0504,-62.01118,-61.84713,-55.50996,-46.31728,-37.24323,-29.2646,-23.51173,-18.92474,-15.39635,-12.7874,-11.06741,-9.466896,-7.950758,-6.919708,-6.792347,-7.131948,-7.560583,-7.788649,-7.774705,-7.60103,-7.53935,-7.656052,-7.877172,-7.943433,-7.810428,-7.310304,-6.413205,-5.153065,-3.625434,-1.707568,0.1724103,2.043461,3.880128,5.416056,6.368818,6.745744,6.598937,6.097698,5.407439,4.70926,4.222477,3.942949,3.661055,3.232299,2.665148,1.984496,1.201173,0.4742485
0.0,0.0,0.0,0.0,0.0,0.0,0.0,0.0,0.0,0.0,-17.28244,-21.91283,-22.23704,-28.93071,-46.71627,-59.9972,-61.69503,-55.84789,-47.48864,-38.42015,-30.71227,-24.65175,-19.98385,-16.15421,-13.49974,-11.63476,-9.946419,-8.266436,-7.178655,-6.952568,-7.263078,-7.647378,-7.880208,-7.78382,-7.520689,-7.315411,-7.338229,-7.303467,-7.043618,-6.555293,-5.859806,-4.866788,-3.603432,-2.116248,-0.3207181,1.470478,3.250618,4.944995,6.201027,6.912675,7.149073,6.999683,6.51444,5.802444,5.051083,4.523084,4.195718,3.895878,3.408803,2.751672,1.949697,1.038545,0.1544132
0.0,0.0,0.0,0.0,0.0,0.0,0.0,0.0,0.0,0.0,-14.68686,-21.07487,-23.26158,-29.48415,-44.66815,-58.74157,-61.33693,-56.90807,-48.74868,-40.16055,-32.20149,-26.04228,-20.89686,-17.04723,-14.2094,-12.27641,-10.41358,-8.640732,-7.432958,-7.105174,-7.321711,-7.635175,-7.733624,-7.500379,-7.041661,-6.703087,-6.48129,-6.148338,-5.54354,-4.780328,-3.928573,-2.93633,-1.734823,-0.3973373,1.21903,2.837047,4.464116,5.86808,6.822404,7.282414,7.326094,7.03713,6.512074,5.813083,5.099206,4.532537,4.15938,3.850331,3.371099,2.689141,1.858635,0.8832828,-0.1259197
0.0,0.0,0.0,0.0,0.0,0.0,0.0,0.0,0.0,0.0,-11.84818,-18.6727,-23.37292,-29.44221,-43.57665,-57.31987,-61.20474,-57.36351,-50.47675,-42.05907,-34.22189,-27.42433,-22.12444,-18.01387,-15.11796,-12.9633,-10.98286,-9.05599,-7.680995,-7.091305,-7.139183,-7.256149,-7.160129,-6.736641,-6.165282,-5.621772,-5.128099,-4.519022,-3.716516,-2.798942,-1.903406,-1.002885,0.02379599,1.178188,2.557806,3.974128,5.328264,6.407247,7.080918,7.358783,7.229842,6.838056,6.259223,5.554447,4.833139,4.201447,3.727705,3.380893,2.951675,2.347687,1.562697,0.6053695,-0.4537047
0.0,0.0,0.0,0.0,0.0,0.0,0.0,0.0,0.0,0.0,-7.932555,-15.13335,-21.95312,-32.25105,-44.18519,-56.8475,-61.70678,-60.09815,-53.45152,-44.9542,-36.30577,-29.22095,-23.40094,-19.15688,-16.03342,-13.67954,-11.50029,-9.42218,-7.711382,-6.764225,-6.520167,-6.475145,-6.214913,-5.663949,-4.945179,-4.181076,-3.45161,-2.704403,-1.822202,-0.9219345,-0.08643818,0.6730266,1.544623,2.493937,3.697856,4.86753,5.909676,6.675191,7.120328,7.1846,6.905242,6.439188,5.863042,5.147132,4.395573,3.671538,3.060625,2.579221,2.151016,1.64328,1.003263,0.1454338,-0.8666626
0.0,0.0,0.0,0.0,0.0,0.0,0.0,0.0,0.0,0.0,0.0,-13.81359,-28.64777,-35.88816,-45.17074,-57.3023,-64.6041,-63.08035,-56.0481,-47.0583,-39.03759,-31.25614,-25.0178,-20.40891,-16.99945,-14.34987,-11.9434,-9.576488,-7.444133,-6.078569,-5.558601,-5.344305,-4.97959,-4.286882,-3.376429,-2.398451,-1.496389,-0.652316,0.2025541,0.9928667,1.62784,2.23923,2.943904,3.717321,4.682766,5.556852,6.300086,6.830453,7.018133,6.860685,6.43292,5.953897,5.404236,4.705309,3.918153,3.111377,2.349444,1.703079,1.189482,0.7560565,0.271911,-0.4574398,-1.364092
0.0,0.0,0.0,0.0,0.0,0.0,0.0,0.0,0.0,0.0,0.0,-18.90921,-29.94967,-34.64272,-45.57166,-55.81625,-63.06816,-63.60946,-57.71574,-51.25878,-42.30234,-33.74392,-26.86571,-21.8146,-18.01047,-15.05619,-12.32699,-9.547488,-6.994687,-5.302047,-4.497627,-4.059144,-3.453851,-2.495662,-1.326043,-0.2128807,0.807575,1.681239,2.39679,2.920708,3.328528,3.782155,4.380805,4.89323,5.517264,6.071311,6.579556,6.854895,6.78552,6.405937,5.876779,5.377666,4.865677,4.198358,3.412181,2.556641,1.705126,0.9228305,0.3118841,-0.1022314,-0.4971844,-1.136699,-1.936152
0.0,0.0,0.0,0.0,0.0,0.0,0.0,0.0,0.0,0.0,0.0,-14.06076,-24.89416,-31.69865,-40.19869,-53.21515,-58.54756,-55.84207,-59.69556,-55.45234,-46.3274,-36.78623,-28.98295,-23.35531,-18.96583,-15.61172,-12.47014,-9.24986,-6.353334,-4.420005,-3.349646,-2.583007,-1.577151,-0.2300135,1.168395,2.384174,3.420666,4.183554,4.609216,4.749942,4.826354,5.11483,5.550198,5.832211,6.097979,6.420438,6.7024,6.733214,6.421407,5.88258,5.259886,4.716722,4.195777,3.571679,2.841239,2.022491,1.139807,0.2842771,-0.3817352,-0.811882,-1.212057,-1.852816,-2.600333
0.0,0.0,0.0,0.0,0.0,0.0,0.0,0.0,0.0,0.0,0.0,0.0,-17.76202,-31.45098,-39.75399,-28.37418,-42.49807,-67.40558,-68.32928,-60.00418,-50.36283,-39.6961,-31.33288,-24.85872,-19.8018,-15.83115,-12.25379,-8.644839,-5.50721,-3.372376,-1.998459,-0.7873804,0.7254198,2.462579,4.05245,5.248263,6.046333,6.444772,6.50318,6.258533,6.04429,6.13961,6.342681,6.30997,6.377513,6.533638,6.608934,6.409925,5.925117,5.273415,4.598846,4.025138,3.521244,2.948784,2.274655,1.511293,0.6641045,-0.1428085,-0.7843832,-1.290565,-1.817211,-2.572135,-3.320698
