src/main/resources/static/json/water.json
{"header": {"parameterUnit": "m.s-1", "parameterNumber": 2, "dx": 0.1, "dy": 0.1, "parameterNumberName":"Eastward current", "la1": 19.5, "la2": 12.5, "parameterCategory": 2, "lo2": 119, "nx": 109, "ny": 71,"refTime": "2018-12-01 23:00:00", "lo1": 108.2}, "data":
[rows 27 to 53 of 71, columns 0 to 61 of 109]
-1.368703,-1.098634,-0.879531,-0.8222113,-1.085661,-1.382274,-2.117761,-3.174979,-4.503446,-5.66215,-7.067226,-8.564885,-11.85282,-15.38289,-21.59749,-26.11571,-29.69726,-30.69537,-30.56466,-29.18357,-27.54377,-25.88053,-24.36384,-22.92607,-21.54065,-20.36849,-19.1844,-18.4641,-17.74663,-17.39094,-17.23321,-17.28026,-17.2815,-16.93123,-15.92312,-14.65145,-13.89074,-14.18613,-15.3025,-17.19737,-20.06656,-23.68601,-23.32558,-20.81076,-19.31053,-18.49901,-16.76734,-15.57695,-15.36809,-15.42799,-15.6634,-15.94443,-16.42333,-16.95831,-17.47512,-17.88535,-18.35784,-19.03505,-19.83589,-20.70869,-21.40634,-21.90841
5.000839,4.144593,3.490719,3.018202,2.482899,1.788911,0.7383806,-0.7438006,-2.628801,-4.973585,-6.751716,-9.013157,-11.83341,-15.69249,-21.0315,-24.80913,-27.03756,-27.82318,-27.12688,-25.81596,-24.18573,-22.68578,-21.24538,-19.91768,-18.72698,-17.67631,-16.89281,-16.12812,-15.80109,-15.48588,-15.44079,-15.42669,-15.32621,-14.96986,-13.97221,-12.64968,-11.93544,-12.63818,-15.08078,-17.91168,-20.58124,-21.9645,-22.2979,-20.71015,-19.03986,-17.00381,-14.63596,-14.18411,-14.31257,-14.5603,-14.78358,-15.20099,-15.82605,-16.64512,-17.45878,-18.10669,-18.71657,-19.35107,-19.98399,-20.6697,-21.31309,-21.80675
10.40496,10.58806,9.213027,7.499563,5.937448,4.423491,2.947183,1.488711,-0.1181247,-2.792852,-5.521587,-7.900609,-11.05947,-14.43399,-19.23713,-22.55754,-24.03351,-24.45815,-23.95763,-22.74159,-21.50343,-20.23132,-18.95054,-17.71849,-16.62046,-15.74013,-15.0954,-14.69016,-14.33834,-14.23709,-14.00822,-13.73793,-13.20906,-12.29441,-12.00367,-13.28101,-14.54432,-12.45831,-13.99156,-15.55067,-16.74867,-17.06276,-15.52155,-14.20527,-19.35138,-21.27525,-12.89712,-14.03224,-14.38464,-14.49657,-14.77561,-15.18306,-15.83541,-16.69359,-17.5952,-18.32696,-18.89461,-19.35778,-19.80198,-20.28524,-20.79613,-21.24719
9.036142,11.11936,11.97991,11.25436,9.543376,7.629823,5.497032,3.944128,2.747325,1.091359,-1.830607,-4.072633,-7.331688,-11.66534,-16.49536,-19.31298,-20.89396,-21.30354,-20.94586,-20.19268,-19.31599,-18.401,-17.316,-16.26231,-15.23447,-14.42213,-13.82015,-13.46396,-13.322,-13.10659,-12.92166,-12.53501,-12.04777,-11.37684,-11.83006,-14.32051,-15.33072,-13.65605,-13.40346,-13.50895,-13.23619,-12.49989,-12.22681,-17.2695,-22.12977,-18.18406,-12.62631,-14.53981,-15.02668,-15.24736,-15.4559,-15.8049,-16.34712,-17.09166,-17.80725,-18.42243,-18.79114,-19.02273,-19.22505,-19.50023,-19.90209,-20.29282
-4.593998,2.488343,7.12368,9.366267,10.42666,10.10694,8.743255,6.876572,6.087283,4.67956,2.589627,-1.181957,-3.712332,-8.859012,-12.85695,-15.92608,-17.69354,-18.30118,-18.25001,-17.89634,-17.46956,-16.83064,-16.06577,-15.18834,-14.36146,-13.51133,-12.78097,-12.27025,-11.93209,-11.85095,-11.65938,-11.46431,-11.14059,-11.13935,-11.88855,-14.05937,-14.91252,-13.43917,-13.07202,-12.56961,-11.60885,-10.74378,-17.16701,-21.52889,-17.82361,-14.62335,-15.3702,-15.74814,-16.14454,-16.3412,-16.56326,-16.76673,-17.13623,-17.60275,-18.11279,-18.46472,-18.54461,-18.50925,-18.45325,-18.53376,-18.8405,-19.13938
-7.172143,-7.719289,-0.9437405,4.129334,7.667013,10.12537,10.63415,9.862566,8.83804,8.256615,5.78302,2.237713,-1.510715,-5.000005,-8.998057,-12.38171,-14.40639,-15.44113,-15.72689,-15.81135,-15.69248,-15.36344,-14.81807,-14.25812,-13.62641,-13.00797,-12.01208,-10.61927,-9.857033,-9.643576,-9.949478,-10.00476,-9.760304,-9.303307,-10.09549,-18.22528,-20.60978,-11.88412,-12.74819,-12.95445,-12.60217,-12.09114,-18.15995,-19.41932,-15.0718,-17.05763,-17.70973,-17.5153,-17.51185,-17.70936,-17.79688,-17.83122,-17.91614,-18.10161,-18.34133,-18.41507,-18.25674,-18.02328,-17.77789,-17.67293,-17.7759,-17.93888
0.0,-4.829854,-5.585584,-2.263756,2.607316,7.003892,9.468586,9.598018,9.743493,9.545302,8.200952,4.823366,0.3086662,-2.553433,-6.401458,-9.011484,-11.3498,-12.62252,-13.33921,-13.78427,-13.98371,-13.83343,-13.53715,-13.17043,-12.84543,-12.31827,-11.62555,-10.08033,-8.000938,-7.608644,-8.392879,-8.76591,-8.777987,-8.662883,-9.64924,-18.86303,-21.69971,-11.31632,-12.87137,-13.73881,-14.40989,-16.2395,-19.37397,-19.93104,-17.91727,-18.40387,-19.13456,-19.0228,-18.90631,-18.82495,-18.68806,-18.51323,-18.41401,-18.36938,-18.38569,-18.293,-18.00941,-17.68371,-17.31481,-17.04621,-16.89049,-16.87151
0.0,0.0,-2.779624,-2.765637,-1.041783,1.852535,4.10136,5.731846,7.536856,8.306976,7.803285,4.790822,1.797466,-1.181488,-2.991778,-5.881608,-8.319522,-10.09595,-11.22496,-12.02611,-12.43005,-12.43701,-12.20403,-11.95023,-11.58779,-11.12438,-10.59199,-12.59282,-11.99233,-8.833251,-8.409584,-8.546326,-8.68372,-8.825644,-9.691072,-17.20511,-19.20981,-12.5171,-12.88074,-12.2892,-11.73434,-11.86236,-20.53961,-24.71962,-15.5275,-19.23261,-19.94512,-19.80828,-19.61649,-19.35158,-19.06053,-18.82373,-18.62162,-18.42919,-18.27405,-18.06708,-17.82891,-17.48659,-17.04969,-16.59891,-16.23527,-15.9348
0.0,0.0,-3.629488,-4.168187,-7.172821,-6.222307,-1.317407,1.254261,4.582705,7.039558,6.302043,5.025588,2.720291,0.9018635,-1.31516,-3.284625,-5.739417,-7.879228,-9.366148,-10.51356,-11.16435,-11.31541,-11.18824,-10.94128,-10.63022,-10.19942,-9.928185,-11.9831,-12.37021,-10.64896,-9.803004,-9.590159,-9.773889,-10.26922,-11.19413,-13.21375,-15.88842,-15.28717,-13.36734,-11.9347,-10.96759,-11.31821,-19.25276,-23.30414,-17.16851,-20.00801,-20.15362,-19.96634,-19.74595,-19.49686,-19.2128,-18.93535,-18.64373,-18.34597,-18.01485,-17.72562,-17.43549,-17.07429,-16.60943,-16.11253,-15.6176,-15.17183
0.0,0.0,0.0,-5.461438,-6.302104,-7.920915,-4.728714,-6.087276,-5.064016,1.090828,7.269138,10.61668,9.918965,5.337741,2.750342,-0.02543757,-3.481726,-5.968194,-7.864726,-9.283098,-10.22209,-10.59021,-10.57088,-10.47499,-10.29616,-10.20809,-10.34667,-11.1857,-12.38683,-12.10957,-11.41716,-11.00362,-11.15648,-11.84953,-13.02778,-14.85723,-16.14169,-15.85911,-14.42097,-13.55896,-13.93471,-15.4914,-18.92726,-23.7526,-22.77836,-20.57971,-20.17928,-20.01715,-19.83055,-19.55076,-19.21399,-18.84506,-18.45659,-18.06457,-17.70369,-17.30831,-16.84251,-16.35657,-15.80756,-15.26829,-14.77355,-14.28024
0.0,0.0,0.0,0.0,-5.944984,-4.971384,-3.76862,-7.881218,-7.513214,-4.247902,2.064246,10.09046,17.58224,20.62811,12.27198,2.755148,-1.992524,-4.890413,-6.771921,-8.395355,-9.548243,-10.10602,-10.30391,-10.39455,-10.43612,-10.71941,-11.2456,-12.21063,-12.97146,-13.11185,-12.58799,-12.37209,-12.55404,-13.2049,-14.28445,-15.48645,-16.40047,-16.27096,-15.93531,-16.47038,-18.01139,-20.18864,-23.04214,-24.32435,-23.25084,-21.25938,-20.30362,-20.0291,-19.57297,-19.12279,-18.63035,-18.15672,-17.74894,-17.39064,-16.99454,-16.53094,-15.93346,-15.27789,-14.67564,-14.06892,-13.53957,-13.07786
0.0,0.0,0.0,0.0,-4.322437,-3.959009,-3.260771,-4.562855,-5.353029,-4.722095,-1.580449,3.879157,12.08493,20.368,12.61086,3.832591,-1.58484,-4.382884,-6.260232,-7.790599,-9.107019,-9.769839,-10.17844,-10.50632,-10.87477,-11.45466,-12.29864,-13.10623,-13.74285,-13.85968,-13.70816,-13.75599,-14.03467,-14.63126,-15.39224,-16.37696,-17.12529,-17.61608,-18.14969,-19.1932,-20.61967,-22.2421,-23.3265,-23.49118,-22.26027,-21.08284,-20.32283,-19.52701,-18.84523,-18.13507,-17.48756,-16.89691,-16.41388,-15.99756,-15.59202,-15.13596,-14.56704,-13.89491,-13.18946,-12.49565,-11.89593,-11.44688
0.0,0.0,0.0,0.0,0.0,-3.94901,-3.465355,-2.409006,-4.649351,-5.956738,-3.920185,1.016397,8.363653,11.1637,5.77355,1.406726,-2.194891,-4.570594,-6.067067,-7.544347,-8.793663,-9.591495,-10.11489,-10.69771,-11.31943,-12.17841,-13.04561,-13.87444,-14.40158,-14.68971,-14.94815,-15.25326,-15.72865,-16.20548,-16.92181,-17.72212,-18.551,-19.16921,-19.9229,-20.84631,-21.78831,-22.51282,-22.85474,-22.44164,-21.58179,-20.67792,-19.87318,-18.97979,-18.09184,-17.28925,-16.50004,-15.79148,-15.12837,-14.56354,-14.07766,-13.61173,-13.0955,-12.43118,-11.64888,-10.8946,-10.28817,-9.804418
0.0,0.0,0.0,0.0,0.0,0.0,-4.599132,-5.710482,-8.241372,-16.0403,-16.06641,-8.913979,-1.495939,1.420437,0.0733626,-2.162148,-3.834427,-5.147967,-6.305577,-7.463738,-8.727168,-9.517788,-10.20988,-10.86654,-11.68351,-12.55305,-13.48198,-14.33443,-14.99614,-15.50807,-16.06808,-16.70544,-17.24745,-17.85869,-18.44974,-19.05165,-19.55472,-20.14289,-20.8447,-21.57159,-22.15673,-22.53493,-22.50268,-22.08792,-21.35212,-20.56323,-19.68114,-18.72645,-17.79611,-16.86935,-15.98916,-15.12718,-14.28575,-13.49813,-12.84715,-12.288,-11.75519,-11.19349,-10.45809,-9.718595,-9.0624,-8.478564
0.0,0.0,0.0,0.0,0.0,0.0,0.0,0.0,-10.2971,-19.5124,-22.35933,-16.38779,-10.36924,-5.080391,-3.28485,-4.823586,-5.436235,-6.091234,-6.677025,-7.679935,-8.724988,-9.648273,-10.34929,-11.07254,-11.81368,-12.67484,-13.59718,-14.53384,-15.40257,-16.08357,-16.83041,-17.6008,-18.34011,-18.97378,-19.54472,-19.91909,-20.24279,-20.63599,-21.1961,-21.77627,-22.21815,-22.41456,-22.3512,-21.94394,-21.32525,-20.54635,-19.67164,-18.69175,-17.70614,-16.67381,-15.64998,-14.64386,-13.69182,-12.73137,-11.81044,-10.98372,-10.31167,-9.733642,-9.193028,-8.616424,-8.001028,-7.395926
0.0,0.0,0.0,0.0,0.0,0.0,0.0,0.0,-7.632043,-20.03601,-24.87637,-19.9704,-16.65331,-11.44283,-7.385329,-6.816983,-6.884467,-6.940311,-7.22648,-7.854917,-8.868053,-9.718758,-10.50281,-11.24706,-11.937,-12.7309,-13.60148,-14.59175,-15.53302,-16.30826,-17.04651,-17.8983,-18.70596,-19.50941,-20.12937,-20.61502,-20.78052,-20.97301,-21.24549,-21.65365,-21.97951,-22.12448,-21.99543,-21.63334,-21.04828,-20.30091,-19.39416,-18.37649,-17.24723,-16.07551,-14.89093,-13.77334,-12.76184,-11.71928,-10.6508,-9.592565,-8.659755,-7.945798,-7.484825,-7.172418,-6.823029,-6.354693
0.0,0.0,0.0,0.0,0.0,0.0,0.0,0.0,-6.704077,-11.3491,-16.50618,-16.81229,-14.79535,-13.35466,-9.583488,-8.556093,-7.807419,-7.654362,-7.568465,-8.125326,-8.999726,-9.850059,-10.64014,-11.40837,-12.11824,-12.86569,-13.68563,-14.63421,-15.58782,-16.26853,-16.92765,-17.70048,-18.60218,-19.47146,-20.22733,-20.70112,-20.97838,-21.04676,-21.11994,-21.25601,-21.33719,-21.29494,-21.0867,-20.69507,-20.09872,-19.35364,-18.439,-17.38117,-16.26325,-14.96426,-13.61201,-12.35046,-11.27952,-10.23679,-9.152484,-8.050185,-6.991599,-6.110224,-5.520353,-5.313022,-5.259949,-5.158964
0.0,0.0,0.0,0.0,0.0,0.0,0.0,0.0,-1.003422,0.3814746,-4.967107,-10.28886,-13.67048,-14.7384,-11.85301,-9.526336,-8.364953,-7.911743,-7.82192,-8.203671,-9.119777,-9.939422,-10.80511,-11.61413,-12.31194,-13.0856,-13.89422,-14.78345,-15.59313,-16.1498,-16.66276,-17.35105,-18.14029,-19.01094,-19.76772,-20.33176,-20.66939,-20.69664,-20.56707,-20.44369,-20.1111,-19.7205,-19.2763,-18.79874,-18.18238,-17.40382,-16.50805,-15.50117,-14.42472,-13.27683,-11.91551,-10.56079,-9.409492,-8.422538,-7.446771,-6.480061,-5.463367,-4.508111,-3.764956,-3.425386,-3.463025,-3.649872
0.0,0.0,0.0,0.0,0.0,0.0,0.0,0.0,3.308785,8.077198,5.966783,-2.065645,-6.766824,-11.42644,-11.56195,-9.595222,-8.265656,-7.898273,-7.670223,-8.181376,-9.081361,-9.968131,-10.87127,-11.71094,-12.49298,-13.2272,-13.98106,-14.79513,-15.52854,-15.96449,-16.37333,-16.86199,-17.49185,-18.16268,-18.82587,-19.30555,-19.6461,-19.64525,-19.3741,-18.81134,-18.14291,-17.36531,-16.65873,-16.01399,-15.2524,-14.37035,-13.42802,-12.47054,-11.49679,-10.54162,-9.462157,-8.301966,-7.220424,-6.336142,-5.540285,-4.769746,-3.952668,-3.072323,-2.31823,-1.834191,-1.725858,-1.961076
0.0,0.0,0.0,0.0,0.0,0.0,0.0,0.0,0.0,11.04153,4.230301,1.863362,-3.482774,-8.174916,-10.15767,-9.534824,-8.289632,-7.452875,-7.380363,-7.941658,-8.927909,-9.874223,-10.85101,-11.70846,-12.45371,-13.18051,-13.91351,-14.69601,-15.32027,-15.73433,-15.99905,-16.3389,-16.75456,-17.21408,-17.63968,-17.91768,-18.03167,-17.89907,-17.45713,-16.61417,-15.5693,-14.52302,-13.5082,-12.56787,-11.59527,-10.6116,-9.60649,-8.672525,-7.851062,-7.024449,-6.219255,-5.442164,-4.647046,-3.951113,-3.339993,-2.818044,-2.28304,-1.653948,-1.006764,-0.4958951,-0.2515392,-0.3387883
0.0,0.0,0.0,0.0,0.0,0.0,0.0,0.0,0.0,0.0,-0.9066567,0.7500125,-0.7033656,-5.97886,-8.781257,-9.126916,-7.274154,-6.562974,-6.564092,-7.445278,-8.582789,-9.68624,-10.78888,-11.65791,-12.3359,-13.00208,-13.73726,-14.44302,-15.02905,-15.33753,-15.55604,-15.72899,-15.95595,-16.16778,-16.34153,-16.34452,-16.18757,-15.78274,-15.11062,-14.00497,-12.71313,-11.35792,-10.12764,-8.932162,-7.760321,-6.633867,-5.621626,-4.822673,-4.108679,-3.353987,-2.72017,-2.176341,-1.683618,-1.266656,-0.8614827,-0.5609362,-0.373988,-0.155564,0.222027,0.5927838,0.8171453,0.8631397
0.0,0.0,0.0,0.0,0.0,0.0,0.0,0.0,0.0,0.0,-2.751083,-0.04599497,-0.2443233,-3.327879,-7.143215,-7.506367,-6.300591,-5.532429,-5.814724,-6.874955,-8.173182,-9.39699,-10.46788,-11.39252,-12.09685,-12.78016,-13.45487,-14.14353,-14.62669,-14.86496,-14.95179,-14.98732,-14.98278,-14.97158,-14.83965,-14.54936,-13.98748,-13.25102,-12.26467,-10.96185,-9.431773,-7.882854,-6.440589,-5.128161,-3.875547,-2.724752,-1.791543,-1.022137,-0.3806308,0.1635502,0.5590982,0.9032855,1.18384,1.46646,1.745035,1.844162,1.740123,1.558721,1.475318,1.528404,1.592098,1.604107
0.0,0.0,0.0,0.0,0.0,0.0,0.0,0.0,0.0,0.0,-2.216071,-0.2170651,0.5629593,-1.57559,-4.143643,-4.772743,-3.986273,-3.601914,-4.120507,-5.624629,-7.32462,-8.872096,-10.19012,-11.0721,-11.8124,-12.42424,-13.1399,-13.76491,-14.2061,-14.33,-14.23756,-13.99872,-13.7476,-13.4179,-13.02768,-12.36007,-11.43434,-10.26228,-8.92181,-7.361694,-5.64669,-3.973999,-2.481997,-1.195966,0.03554669,1.111409,2.01238,2.714257,3.220653,3.489252,3.585307,3.637233,3.70698,3.832609,3.990414,3.996244,3.763705,3.329121,2.874413,2.544386,2.323854,2.144452
0.0,0.0,0.0,0.0,0.0,0.0,0.0,0.0,0.0,0.0,-2.300113,2.056891,2.753675,1.34513,-1.226279,-2.352682,-2.402882,-2.219277,-3.114384,-4.821879,-6.720249,-8.415648,-9.712747,-10.71118,-11.37909,-12.08953,-12.76465,-13.38741,-13.72394,-13.74699,-13.37224,-12.80732,-12.20172,-11.61477,-10.87652,-9.89823,-8.582896,-7.000803,-5.262925,-3.539204,-1.829675,-0.1461471,1.32313,2.525007,3.655636,4.603658,5.384262,5.940364,6.300308,6.382075,6.313358,6.107454,5.971589,5.89232,5.903881,5.772949,5.438442,4.858808,4.206329,3.566231,3.076718,2.700049
0.0,0.0,0.0,0.0,0.0,0.0,0.0,0.0,0.0,0.0,0.4111498,4.95107,9.697124,7.674005,2.455951,0.3725995,1.916205,2.172475,0.314014,-2.612737,-5.238481,-7.490578,-9.239249,-10.24744,-10.99365,-11.69377,-12.36046,-12.88636,-13.16466,-13.01367,-12.38993,-11.48657,-10.58952,-9.682072,-8.643425,-7.343984,-5.717519,-3.768932,-1.807152,0.07488432,1.717218,3.213431,4.524337,5.624277,6.622568,7.461102,8.141672,8.581757,8.785383,8.754001,8.575297,8.276729,7.951524,7.760964,7.559452,7.250208,6.79455,6.122013,5.338725,4.581422,3.892235,3.376611
0.0,0.0,0.0,0.0,0.0,0.0,0.0,0.0,0.0,0.0,0.0,2.998856,9.003192,9.474334,4.809625,1.849559,0.5621697,0.1138301,-1.522443,-2.65083,-4.512304,-6.92728,-8.666698,-9.805535,-10.52264,-11.31394,-11.873,-12.31007,-12.40305,-12.06753,-11.29369,-10.24696,-9.037627,-7.797531,-6.374534,-4.711519,-2.770661,-0.6330031,1.472014,3.391115,4.972818,6.185873,7.215782,8.103632,8.885344,9.653934,10.22,10.52161,10.63123,10.51639,10.28895,9.90116,9.455424,9.110009,8.767402,8.338241,7.81966,7.141669,6.347333,5.547564,4.785897,4.176185
0.0,0.0,0.0,0.0,0.0,0.0,0.0,0.0,0.0,0.0,0.0,-8.81808,-0.1285254,4.048935,5.770509,2.779567,5.278659,5.573686,5.390576,1.934333,-2.921918,-6.095455,-8.365383,-9.497289,-10.30855,-10.94596,-11.43579,-11.6512,-11.53092,-11.00461,-10.23988,-9.076427,-7.630508,-6.013147,-4.165151,-2.012475,0.2310245,2.432538,4.507656,6.346474,7.805385,8.83816,9.582226,10.17026,10.69381,11.21461,11.56179,11.75523,11.76294,11.53641,11.24299,10.78492,10.22295,9.696719,9.229925,8.769503,8.272727,7.71874,7.064492,6.313702,5.582361,4.932277
