src/main/resources/static/json/water.json
{"header": {"parameterUnit": "m.s-1", "parameterNumber": 3, "dx": 0.1, "dy": 0.1, "parameterNumberName":"Northward current", "la1": 19.5, "la2": 12.5, "parameterCategory": 2, "lo2": 119, "nx": 109, "ny": 71,"refTime": "2018-12-01 23:00:00", "lo1": 108.2}, "data":
[rows 0 to 27 of 71, columns 0 to 62 of 109]
10.87209,7.028639,2.472719,-1.595881,-3.607661,-4.257913,0.0,0.0,0.0,0.0,0.0,0.0,0.0,0.0,0.0,0.0,0.0,0.0,0.0,0.0,0.0,0.0,0.0,0.0,0.0,0.0,0.0,0.0,-10.27325,-10.02748,6.590398,1.79016,-4.534235,-4.157157,-2.196352,0.08029754,0.3184879,-0.7540842,-1.665978,-0.7767086,1.258574,1.994418,-0.7074859,-2.986517,-3.081177,-4.541013,-5.364385,-5.749467,-6.225939,-6.656423,-6.894093,-7.554198,-7.864858,-8.145579,-8.872987,-10.20201,-11.24089,-11.92922,-12.06143,-11.62811,-10.53524,-9.230964,-7.896339
10.70774,6.311672,0.6198336,-3.71889,-3.183082,0.0,0.0,0.0,0.0,0.0,0.0,0.0,0.0,0.0,0.0,0.0,0.0,0.0,0.0,0.0,0.0,0.0,0.0,0.0,0.0,0.0,0.0,-0.7081074,-0.9475605,3.556862,0.9226333,-3.260803,-4.113025,-4.078676,-2.873882,-1.175564,-0.7379438,-0.8520385,-0.6495666,4.377605,5.377215,3.227328,-0.2126401,-5.353944,-6.032554,-5.897302,-6.355541,-6.580493,-7.564076,-8.006466,-8.220738,-8.16956,-8.388604,-8.83725,-9.910247,-11.17089,-12.15415,-12.53706,-12.32622,-11.40886,-10.08665,-8.684506,-7.309238
9.286574,4.690005,-1.397815,-5.234896,0.0,0.0,0.0,0.0,0.0,0.0,0.0,0.0,0.0,0.0,0.0,0.0,0.0,0.0,0.0,0.0,0.0,0.0,0.0,0.0,0.0,0.0,-2.964389,-3.75544,-0.6107185,-1.875778,-2.005104,-3.616052,-3.791321,-3.31025,-3.368048,-2.009133,-0.3193359,3.44125,7.678216,7.438764,5.748794,1.805043,-2.219688,-8.255202,-7.767911,-7.344251,-7.179996,-7.562694,-8.314646,-8.990445,-8.932452,-8.760661,-8.878948,-9.617665,-10.59515,-11.67626,-12.39578,-12.51093,-11.95019,-10.9065,-9.52679,-8.127999,-6.79998
6.714472,2.383331,-3.537708,-6.719215,0.0,0.0,0.0,0.0,0.0,0.0,0.0,0.0,0.0,0.0,0.0,0.0,0.0,0.0,0.0,0.0,0.0,0.0,0.0,0.0,0.0,-4.959648,-3.477256,-3.96769,-5.195439,-4.03897,-3.992342,-1.578794,-1.324806,-4.199674,-3.241741,-0.2406612,6.175921,9.070361,8.143371,7.081521,4.865805,-2.469768,-5.675926,-9.278124,-8.87345,-7.996377,-8.170972,-8.398318,-8.961413,-9.327766,-9.380316,-9.150526,-9.48512,-10.15257,-10.99241,-11.72505,-12.19365,-12.0929,-11.52198,-10.43119,-9.084399,-7.733038,-6.546606
3.162266,-0.9221568,-5.742163,-8.737201,0.0,0.0,0.0,0.0,0.0,0.0,0.0,0.0,0.0,0.0,0.0,0.0,0.0,0.0,0.0,0.0,0.0,0.0,0.0,0.0,0.0,-6.619555,-3.696999,-6.627016,-8.697581,-7.995409,-0.1996754,2.887984,-2.385095,-4.082091,-2.192133,0.4000664,5.539978,5.236608,5.843812,5.608517,-1.574958,-8.582065,-8.630687,-9.661456,-8.911015,-8.642119,-8.610495,-9.063251,-9.459201,-9.526776,-9.455856,-9.605223,-10.07616,-10.70747,-11.2533,-11.72592,-11.94081,-11.84748,-11.27652,-10.16748,-8.820745,-7.536367,-6.376355
-1.363988,-5.159588,-9.102509,-12.04253,0.0,0.0,0.0,0.0,0.0,0.0,0.0,0.0,0.0,0.0,0.0,0.0,0.0,0.0,0.0,0.0,0.0,0.0,0.0,0.0,0.0,-5.258605,-5.047983,-10.32723,-13.69241,-7.083271,2.132457,2.11437,-1.828475,-2.890242,-1.991276,0.1686514,3.63073,3.891092,2.962655,0.6524495,-8.770622,-10.85893,-10.1878,-9.667451,-9.046102,-8.812775,-8.944516,-9.112596,-9.38612,-9.504996,-9.697352,-10.09346,-10.6301,-11.05318,-11.3335,-11.67461,-11.83848,-11.68679,-11.05879,-9.868453,-8.530463,-7.25177,-6.066143
-6.240625,-10.00202,-11.78958,-10.76564,0.0,0.0,0.0,0.0,0.0,0.0,0.0,0.0,0.0,0.0,0.0,0.0,0.0,0.0,0.0,0.0,0.0,0.0,0.0,0.0,-3.731157,-4.004123,-6.740346,-14.72604,-15.37186,-7.075273,2.277835,2.205976,-0.6043074,-2.231172,-2.096211,-1.724355,-1.114398,-1.966854,-2.242464,-6.037134,-12.36212,-11.00136,-10.19707,-9.642207,-8.925845,-8.743957,-8.721492,-8.891034,-9.12915,-9.533988,-9.971625,-10.44408,-10.79554,-11.09187,-11.3301,-11.63811,-11.71931,-11.4851,-10.71046,-9.43622,-8.086371,-6.851806,-5.713459
-10.73132,-14.1725,-14.42994,-11.79463,0.0,0.0,0.0,0.0,0.0,0.0,0.0,0.0,0.0,0.0,0.0,0.0,0.0,0.0,0.0,0.0,0.0,0.0,0.0,0.0,-8.127179,-9.802363,-10.53562,-20.32927,-17.90657,-3.318182,2.697028,1.619569,-0.4359858,-2.202838,-3.36743,-3.777204,-4.351384,-5.008043,-6.876371,-9.709964,-11.39004,-10.46909,-9.812495,-9.240017,-8.707208,-8.469973,-8.470703,-8.616538,-9.017638,-9.569402,-10.14929,-10.59745,-10.86455,-11.08545,-11.30431,-11.48438,-11.43898,-11.04468,-10.13596,-8.798189,-7.51603,-6.413033,-5.380369
-14.67015,-17.26641,-16.42416,-9.930296,0.0,0.0,0.0,0.0,0.0,0.0,0.0,0.0,0.0,0.0,0.0,0.0,0.0,0.0,0.0,0.0,0.0,0.0,0.0,0.0,-20.01777,-13.68412,-14.20166,-17.51761,-6.97929,2.85224,2.052738,0.719447,-1.553166,-4.04292,-5.724193,-6.706809,-7.161884,-8.223775,-9.520854,-10.61581,-10.67898,-9.693933,-9.40943,-8.878325,-8.470154,-8.284213,-8.293601,-8.569138,-9.03878,-9.696296,-10.25531,-10.61806,-10.81998,-10.98822,-11.12527,-11.1466,-10.94094,-10.38352,-9.408607,-8.08303,-6.925835,-5.947877,-4.996109
-17.73216,-19.54966,-17.15077,-12.33838,-14.15726,0.0,0.0,0.0,0.0,0.0,0.0,0.0,0.0,0.0,0.0,0.0,0.0,0.0,0.0,0.0,0.0,0.0,-9.699849,-6.936012,-19.76868,-13.22778,-7.235041,-3.086826,-0.05489904,2.120407,2.66524,-0.00187695,-4.727029,-7.612666,-9.264848,-9.753528,-9.922578,-10.26055,-10.72889,-10.72133,-10.11092,-9.461242,-9.094499,-8.671466,-8.335765,-8.157091,-8.248871,-8.637298,-9.179389,-9.727511,-10.16414,-10.44585,-10.60455,-10.68981,-10.70946,-10.57153,-10.23826,-9.615116,-8.589934,-7.341157,-6.314394,-5.448416,-4.584995
-20.36189,-21.42034,-19.52593,-17.91283,-15.92669,0.0,0.0,0.0,0.0,0.0,0.0,0.0,0.0,0.0,0.0,0.0,0.0,0.0,0.0,0.0,-4.598748,-8.97232,-11.05988,-5.589681,-3.838269,-3.30887,2.603704,2.126947,-0.1743081,0.1272732,-0.869476,-5.212372,-9.651856,-12.33505,-12.86158,-12.43072,-11.79782,-11.47503,-11.13282,-10.65703,-10.00511,-9.491632,-9.105883,-8.659468,-8.329233,-8.190224,-8.383759,-8.82508,-9.266391,-9.654237,-9.991499,-10.21558,-10.28135,-10.25651,-10.12164,-9.822833,-9.401637,-8.734266,-7.708328,-6.576651,-5.651281,-4.839157,-4.04139
-22.45662,-23.49597,-21.75348,-17.10765,-8.182063,-4.232575,-5.103355,-7.877561,0.0,0.0,0.0,0.0,0.0,0.0,0.0,0.0,0.0,0.0,0.0,0.0,-21.10764,-10.15241,-8.709282,0.5539278,1.71639,2.608288,1.668229,-0.1069144,-3.487058,-5.345585,-6.099489,-8.871087,-14.44788,-16.29205,-15.26293,-14.0188,-12.93294,-12.04676,-11.39464,-10.75308,-10.18019,-9.73457,-9.23841,-8.76303,-8.415789,-8.329223,-8.589394,-8.975546,-9.277077,-9.52497,-9.768778,-9.887702,-9.847522,-9.666756,-9.353628,-8.933475,-8.467006,-7.805658,-6.798495,-5.799231,-4.948963,-4.179246,-3.464326
-24.12931,-24.63683,-21.48781,-13.10509,-5.39851,-7.021403,-10.05447,-7.877561,0.0,0.0,0.0,0.0,0.0,0.0,0.0,0.0,-2.130486,-5.45321,-1.279397,-1.209346,-3.84762,-3.043673,-0.3068655,3.255283,1.370745,-1.01755,-2.113875,-2.127209,-5.880214,-11.72889,-9.964093,-12.13028,-17.33263,-17.92839,-16.16289,-14.68511,-13.36784,-12.3131,-11.48029,-10.76888,-10.19554,-9.714484,-9.185126,-8.710204,-8.409699,-8.408578,-8.683482,-8.984795,-9.183021,-9.344733,-9.46396,-9.466983,-9.319518,-8.995735,-8.500605,-7.985485,-7.496033,-6.815838,-5.879836,-4.998319,-4.222888,-3.506273,-2.887766
-24.64317,-24.24289,-19.59899,-10.68876,-5.292463,-7.670452,-14.11367,-12.21446,-4.754795,-2.060644,-0.7729349,4.002451,4.687297,0.0,0.0,0.0,-10.53399,-6.25473,-7.685466,-7.839172,3.9931,2.170773,0.6733738,-0.495367,-0.843009,-2.210884,-3.669338,-5.108963,-8.941442,-17.12806,-14.70734,-16.9904,-18.31382,-17.79093,-15.96293,-14.59468,-13.18404,-12.04943,-11.14076,-10.41181,-9.887909,-9.455928,-9.009028,-8.65257,-8.456133,-8.510448,-8.761104,-8.980319,-9.116684,-9.177616,-9.139422,-9.003823,-8.722096,-8.251616,-7.635423,-7.074688,-6.499238,-5.760153,-4.922754,-4.171492,-3.473758,-2.851519,-2.326971
-24.17791,-23.12118,-18.03473,-10.06457,-5.845698,-9.059328,-15.01535,-14.83698,-7.403786,-0.009609795,2.546769,5.057606,6.141879,2.724844,1.542243,0.9567059,-10.8853,-7.550875,-8.584192,-1.495462,3.103694,1.729766,-0.006178522,-1.625356,-3.955247,-4.668164,-5.521543,-5.857507,-10.3394,-20.31001,-17.50041,-18.38826,-18.17988,-16.6234,-15.14022,-13.80783,-12.44554,-11.34966,-10.50142,-9.928725,-9.517349,-9.179817,-8.852835,-8.636562,-8.526116,-8.63131,-8.876521,-9.036336,-9.102012,-9.020423,-8.82127,-8.524504,-8.103478,-7.473213,-6.798791,-6.184968,-5.532176,-4.780652,-4.07999,-3.454375,-2.857892,-2.318024,-1.894637
-23.49902,-21.62124,-16.18789,-9.471305,-7.066386,-10.19032,-14.19467,-13.76809,-7.641895,-1.639851,0.2464126,3.637223,7.207817,4.051921,3.224134,2.608942,-4.526553,-5.491314,-5.623473,-3.296206,0.4875673,2.750946,1.850314,-2.806189,-6.386534,-7.072732,-8.633712,-11.7543,-15.40966,-18.26733,-17.56054,-18.39653,-17.08555,-15.49031,-14.06098,-12.81156,-11.50168,-10.51939,-9.820943,-9.360854,-9.038529,-8.767486,-8.56993,-8.48483,-8.498004,-8.674357,-8.924663,-9.062427,-9.035093,-8.809326,-8.440604,-7.985014,-7.396658,-6.654675,-5.913643,-5.258241,-4.579669,-3.8723,-3.279193,-2.788157,-2.313665,-1.905934,-1.558715
-21.53593,-18.78042,-13.73436,-9.184022,-8.108993,-10.31615,-12.79508,-11.65395,-6.319816,-1.295848,-0.3557116,0.540877,2.15227,1.056358,1.42158,1.089725,-2.571493,-1.682949,-3.942159,-2.205691,1.326324,2.14939,-0.9376166,-2.473437,-11.3725,-13.57496,-13.61634,-15.5427,-16.63106,-17.6378,-17.12187,-17.64442,-15.88338,-14.23804,-12.89793,-11.73457,-10.63003,-9.816024,-9.193793,-8.748504,-8.441726,-8.265378,-8.201015,-8.261724,-8.384395,-8.633432,-8.866597,-8.961691,-8.846385,-8.481735,-7.98836,-7.363529,-6.642736,-5.834772,-5.119342,-4.414999,-3.741211,-3.048574,-2.485784,-2.063529,-1.720262,-1.45899,-1.188571
-18.28496,-15.70807,-12.17764,-9.302695,-8.450086,-9.682979,-11.04466,-9.810551,-5.311615,-1.063192,-0.08851292,-0.5488473,-1.095248,-1.156116,-0.5234782,-0.5418223,-3.022873,-3.106282,-2.227748,2.847819,2.815097,-0.005258077,-3.051876,-10.52274,-22.76984,-16.89975,-17.25404,-17.42196,-17.75147,-17.44777,-17.04275,-16.26267,-14.43154,-12.78796,-11.62367,-10.66137,-9.789892,-9.086716,-8.5033,-8.028513,-7.769696,-7.696414,-7.802396,-7.987432,-8.228813,-8.536141,-8.728889,-8.770484,-8.563197,-8.132586,-7.546127,-6.824178,-5.96769,-5.115287,-4.400617,-3.693464,-2.950349,-2.218365,-1.612735,-1.234762,-1.011762,-0.9112434,-0.7780337
-15.80076,-13.95906,-11.25112,-8.78175,-7.800416,-8.470955,-9.282622,-7.943529,-4.036026,-0.9255716,-0.7013602,-1.443345,-1.613843,-1.41793,-0.492735,0.2109417,-0.69469,-2.176017,-1.158347,1.192571,0.399877,-3.309311,-8.591594,-18.95405,-25.74763,-19.58997,-19.3674,-18.92866,-18.26007,-17.39976,-16.11654,-14.71674,-12.74861,-11.30984,-10.31391,-9.585027,-8.920779,-8.313843,-7.694558,-7.218681,-6.976755,-7.046415,-7.290832,-7.60618,-7.929379,-8.276481,-8.467927,-8.487556,-8.266085,-7.781297,-7.138605,-6.314418,-5.365541,-4.449537,-3.691121,-2.89721,-2.047875,-1.283454,-0.7274769,-0.4685739,-0.4070611,-0.454251,-0.4867078
-14.18543,-12.40253,-9.913765,-7.83613,-6.889981,-7.248656,-7.660404,-6.161141,-2.959303,-0.8979099,-1.276474,-1.720673,-1.66059,-1.232731,-0.8447362,-0.3183047,-1.433947,-1.853323,-2.531493,-1.980688,-4.404794,-9.06524,-16.75261,-24.97284,-24.41406,-20.66877,-20.89817,-19.20925,-18.12838,-16.43892,-14.81734,-13.01302,-11.31653,-10.00512,-9.195649,-8.588102,-8.070124,-7.445755,-6.794024,-6.230978,-6.061251,-6.212952,-6.584601,-6.956433,-7.36023,-7.776765,-8.024323,-8.109904,-7.878159,-7.373756,-6.638216,-5.716623,-4.630697,-3.711176,-2.915621,-2.180302,-1.426517,-0.6931101,-0.1479221,0.04057236,0.01029024,-0.1536105,-0.2952022
-12.26976,-10.56948,-8.66366,-7.080372,-6.141809,-6.023154,-5.919152,-4.432097,-1.975354,-0.8328301,-1.323816,-1.744524,-1.487173,-1.369548,-1.316833,-2.196557,-3.231162,-4.17568,-4.503742,-6.855757,-9.253472,-17.70935,-24.73922,-25.59719,-23.21584,-21.15694,-20.70289,-18.56615,-16.88891,-15.04015,-13.30587,-11.72746,-10.25766,-9.147202,-8.353067,-7.798179,-7.236817,-6.556179,-5.732061,-5.141757,-4.969371,-5.268239,-5.700195,-6.14868,-6.641802,-7.150895,-7.497829,-7.637192,-7.430304,-6.825303,-5.996145,-4.960346,-3.846526,-3.037452,-2.473792,-1.901138,-1.207989,-0.4418227,0.1273427,0.3170066,0.2442437,0.02677517,-0.1224782
-10.62734,-9.380872,-7.93551,-6.455019,-5.092874,-4.352898,-3.680305,-2.408298,-0.8216891,-0.4061007,-1.234329,-1.646702,-1.775788,-1.768287,-2.491194,-3.564903,-5.367329,-6.617673,-8.991705,-11.31309,-16.50652,-25.40954,-26.39287,-25.0498,-22.50271,-20.99152,-19.33228,-17.00232,-15.22462,-13.51027,-12.08416,-10.76626,-9.627356,-8.673202,-7.936098,-7.30619,-6.646924,-5.751644,-4.821853,-4.049789,-3.909287,-4.193528,-4.810895,-5.414055,-6.009624,-6.640014,-7.008412,-7.163105,-6.8775,-6.204102,-5.235972,-4.147395,-3.076467,-2.582748,-2.343968,-1.921563,-1.263268,-0.486966,0.1718426,0.4357635,0.4356394,0.2810453,0.2595555
-9.915852,-8.924971,-7.51727,-5.822467,-4.092784,-2.690716,-1.540358,-0.4687307,0.4398188,0.1361795,-0.8558937,-1.779505,-2.17053,-2.880757,-3.787515,-5.621856,-7.987587,-11.06222,-14.53482,-19.55392,-23.89286,-27.0411,-26.29524,-23.96998,-21.9019,-19.80486,-17.53792,-15.2012,-13.53318,-12.11735,-10.95982,-9.954789,-9.139872,-8.490142,-7.913771,-7.310947,-6.50772,-5.51421,-4.328021,-3.408495,-2.799067,-2.921839,-3.713019,-4.775835,-5.49664,-6.219882,-6.604508,-6.639436,-6.30414,-5.516365,-4.500098,-3.375801,-2.51269,-2.315133,-2.299171,-2.020516,-1.457544,-0.6244704,0.1417228,0.5161372,0.6044968,0.5996,0.6673996
-9.696218,-8.785708,-7.363404,-5.553004,-3.386235,-1.262228,0.2145285,1.124175,1.374763,0.6458398,-0.7039823,-2.043055,-3.329004,-4.382149,-6.00661,-8.161486,-11.74898,-16.32273,-21.7149,-25.21188,-26.93624,-27.17367,-24.9917,-22.93233,-20.48037,-18.17592,-15.62834,-13.55323,-11.99916,-10.77272,-9.764926,-9.010055,-8.545775,-8.26832,-7.995736,-7.57114,-6.903773,-5.937534,-4.753762,-3.245113,-2.002668,-1.188556,-2.193688,-4.284757,-5.161885,-5.912389,-6.199744,-6.172988,-5.68451,-4.935572,-3.906998,-2.913741,-2.226989,-2.110451,-2.187248,-2.132091,-1.598237,-0.6717328,0.1421853,0.4930663,0.5958192,0.6060316,0.5991842
-9.580101,-8.847089,-7.612823,-5.68416,-2.922924,-0.1717931,1.532919,2.264478,1.993071,0.8296553,-0.8739026,-3.022327,-4.883628,-6.611379,-8.188806,-12.09293,-16.83205,-23.27206,-26.51338,-27.895,-27.73036,-26.0603,-23.69102,-21.23906,-18.81738,-16.26746,-14.05364,-12.16677,-10.72903,-9.500021,-8.536652,-7.913096,-7.596954,-7.481097,-7.442985,-7.341565,-7.02484,-6.397923,-5.39992,-3.903677,-1.052513,0.7881417,-1.060047,-4.417751,-5.225952,-5.638917,-5.870253,-5.665865,-5.239742,-4.517998,-3.668051,-2.757944,-2.117921,-1.833125,-1.956671,-2.074545,-1.682165,-0.8182025,-0.09381995,0.1931634,0.2145552,0.1569133,0.1420678
-9.601352,-9.019637,-7.872037,-5.831842,-2.631756,0.5292658,2.541844,3.144766,2.50061,0.8036854,-1.658048,-4.599473,-7.36572,-9.394481,-12.14827,-15.73025,-21.70041,-27.35189,-29.17495,-28.7997,-27.17225,-24.77241,-22.03607,-19.59466,-16.97417,-14.66776,-12.61209,-11.01491,-9.625953,-8.439096,-7.513898,-6.86774,-6.486081,-6.297033,-6.189804,-6.105237,-5.95919,-5.679343,-4.822694,-2.815708,3.562468,3.635155,-2.505917,-5.220802,-5.336339,-5.411932,-5.382604,-5.355787,-4.912963,-4.405601,-3.623969,-2.84684,-2.06083,-1.507477,-1.491555,-1.789941,-1.733336,-1.200851,-0.6545675,-0.4067941,-0.3781006,-0.3683045,-0.2499005
-9.49143,-9.021217,-7.961308,-5.808044,-2.482051,0.9460121,3.171561,3.879172,2.842355,0.5026234,-2.965106,-6.801273,-9.866171,-12.60008,-15.47453,-20.92783,-26.19048,-29.50863,-29.98681,-28.4966,-26.10853,-23.19122,-20.45078,-17.83977,-15.35504,-13.07214,-11.31616,-9.855323,-8.686581,-7.712224,-6.887606,-6.230384,-5.68047,-5.160044,-4.751454,-4.45229,-4.317007,-4.025744,-3.315908,-1.021349,2.517597,-1.698111,-7.532749,-5.697942,-5.414934,-4.729167,-4.880724,-5.01955,-4.848478,-4.359817,-3.718695,-2.936524,-2.130949,-1.420889,-1.245297,-1.635946,-1.995542,-1.907151,-1.553484,-1.166654,-0.8966656,-0.6651512,-0.4559694
-9.184587,-9.011833,-8.116226,-6.09611,-2.834042,0.6104123,3.092645,3.787866,2.796914,-0.3332311,-4.712179,-9.478492,-13.23018,-16.17624,-19.49691,-24.14581,-29.08524,-30.5686,-29.663,-27.5369,-24.65675,-21.66488,-18.82136,-16.21031,-13.74575,-11.67571,-9.958515,-8.656146,-7.803586,-7.234338,-6.716902,-6.096009,-5.301636,-4.347327,-3.390431,-2.959659,-3.044426,-3.345574,-2.900488,-1.637774,-0.6045536,-3.674093,-8.037026,-6.308526,-5.026613,-3.708897,-3.465025,-4.701011,-4.685815,-4.386866,-3.794419,-3.092368,-2.256285,-1.50338,-1.302229,-1.879683,-2.596118,-2.863881,-2.583342,-1.963605,-1.369729,-0.9546158,-0.7134702
