src/main/resources/static/json/water.json
{"header": {"parameterUnit": "m.s-1", "parameterNumber": 2, "dx": 0.1, "dy": 0.1, "parameterNumberName":"Eastward current", "la1": 19.5, "la2": 12.5, "parameterCategory": 2, "lo2": 119, "nx": 109, "ny": 71,"refTime": "2018-12-01 23:00:00", "lo1": 108.2}, "data":
[rows 0 to 26 of 71, columns 0 to 61 of 109]
-0.2676148,0.2294758,-0.154594,-1.462037,-3.123738,-4.179638,0.0,0.0,0.0,0.0,0.0,0.0,0.0,0.0,0.0,0.0,0.0,0.0,0.0,0.0,0.0,0.0,0.0,0.0,0.0,0.0,0.0,0.0,-13.94308,-13.4839,-12.04489,-11.5834,-10.00664,-8.631645,-6.545423,-6.246063,-6.917285,-7.307691,-6.876226,-6.65553,-7.342725,-6.861575,-5.376191,-5.925674,-8.847816,-10.91697,-12.27171,-13.39763,-14.56684,-16.10649,-17.86254,-18.80503,-19.28535,-19.46517,-20.10096,-20.76707,-21.49102,-22.30796,-22.97666,-23.45874,-23.79672,-23.79545
0.42555,-0.3432735,-1.311043,-2.54549,-3.227025,0.0,0.0,0.0,0.0,0.0,0.0,0.0,0.0,0.0,0.0,0.0,0.0,0.0,0.0,0.0,0.0,0.0,0.0,0.0,0.0,0.0,0.0,-4.960256,-7.940999,-8.761995,-9.735314,-10.57302,-9.954312,-8.596009,-6.607794,-6.198713,-6.407014,-6.969206,-7.09331,-9.436801,-11.4074,-7.666501,-7.975324,-7.781545,-10.72127,-12.65411,-13.81931,-15.46391,-16.63349,-17.70777,-18.51288,-19.11766,-19.30178,-19.78331,-20.52159,-21.2071,-21.79636,-22.34823,-22.78967,-23.09543,-23.10715,-22.85313
1.807036,0.08122488,-1.209312,-1.958261,0.0,0.0,0.0,0.0,0.0,0.0,0.0,0.0,0.0,0.0,0.0,0.0,0.0,0.0,0.0,0.0,0.0,0.0,0.0,0.0,0.0,0.0,-5.094114,-4.868651,-7.113583,-8.961767,-10.77848,-11.57564,-9.412477,-7.119308,-6.18842,-5.52476,-5.020895,-7.154084,-11.82397,-13.07114,-14.53285,-7.438598,-10.95655,-11.67927,-13.35237,-14.50923,-15.47164,-16.51344,-17.8953,-18.43896,-18.75205,-19.01752,-19.41409,-19.93974,-20.78967,-21.46439,-21.93092,-22.28416,-22.54567,-22.59538,-22.46426,-22.19431
3.378366,0.8198535,-0.7799947,-1.971782,0.0,0.0,0.0,0.0,0.0,0.0,0.0,0.0,0.0,0.0,0.0,0.0,0.0,0.0,0.0,0.0,0.0,0.0,0.0,0.0,0.0,-5.369071,-5.953734,-7.781462,-10.73305,-12.80687,-12.40655,-9.405532,-6.505515,-5.695221,-5.466024,-3.799814,-3.311175,-8.836473,-14.0887,-14.55731,-13.14036,-8.01964,-13.62268,-15.64004,-15.7499,-16.3167,-16.94666,-17.52757,-18.02657,-18.54677,-18.5927,-18.98775,-19.46654,-20.20701,-20.99958,-21.69789,-22.07479,-22.2983,-22.30154,-22.2463,-22.09869,-21.86498
4.689571,1.175527,-1.211483,-2.114873,0.0,0.0,0.0,0.0,0.0,0.0,0.0,0.0,0.0,0.0,0.0,0.0,0.0,0.0,0.0,0.0,0.0,0.0,0.0,0.0,0.0,-2.208447,-4.709623,-6.76684,-10.87843,-13.76043,-11.42138,-7.517255,-5.310704,-5.206944,-4.935343,-4.257034,-6.664325,-10.99516,-13.56675,-17.81479,-12.15926,-13.01711,-16.42035,-17.50634,-17.55355,-17.56503,-17.93168,-18.18686,-18.26243,-18.29629,-18.57262,-19.02743,-19.76797,-20.50206,-21.21065,-21.76682,-22.1353,-22.14581,-22.0272,-21.88337,-21.68212,-21.42525
5.523341,1.172339,-2.376571,-2.996485,0.0,0.0,0.0,0.0,0.0,0.0,0.0,0.0,0.0,0.0,0.0,0.0,0.0,0.0,0.0,0.0,0.0,0.0,0.0,0.0,0.0,-2.346344,-2.965215,-5.362556,-8.154263,-8.631873,-10.61219,-7.837029,-6.028511,-5.361506,-4.595876,-4.776277,-6.608151,-9.47615,-12.79283,-17.92753,-15.05315,-18.46092,-18.49945,-18.52869,-18.33571,-18.40399,-18.37426,-18.39543,-18.33851,-18.37352,-18.69894,-19.37391,-20.11992,-20.82776,-21.42033,-21.76935,-21.90379,-21.83765,-21.61841,-21.4176,-21.10956,-20.79861
6.266572,1.846553,-1.204421,-1.216231,0.0,0.0,0.0,0.0,0.0,0.0,0.0,0.0,0.0,0.0,0.0,0.0,0.0,0.0,0.0,0.0,0.0,0.0,0.0,0.0,-4.388814,-5.406868,-6.366857,-7.733448,-10.61963,-8.869879,-8.601687,-7.31951,-6.898254,-5.750114,-5.561299,-5.803957,-7.225732,-9.633567,-13.36998,-19.50064,-20.70123,-20.23369,-19.56986,-18.95693,-18.83211,-18.7172,-18.67274,-18.6143,-18.69865,-18.92443,-19.43094,-20.13723,-20.8397,-21.2505,-21.50677,-21.61032,-21.59761,-21.38756,-21.11018,-20.7732,-20.37686,-19.95675
6.5349,3.178471,0.1480756,-0.5312214,0.0,0.0,0.0,0.0,0.0,0.0,0.0,0.0,0.0,0.0,0.0,0.0,0.0,0.0,0.0,0.0,0.0,0.0,0.0,0.0,-3.783404,-12.56602,-17.53565,-14.6089,-13.94979,-11.45402,-6.372947,-6.190334,-6.640569,-6.807297,-7.428223,-9.09658,-11.66345,-15.15247,-19.17389,-21.43602,-21.8851,-20.75805,-19.89544,-19.56596,-19.31604,-19.31845,-19.30896,-19.48781,-19.79664,-20.23357,-20.75308,-21.27189,-21.57072,-21.7298,-21.77021,-21.7114,-21.4564,-21.1141,-20.70296,-20.25832,-19.73436,-19.2119
6.199789,3.608646,2.925918,3.018641,0.0,0.0,0.0,0.0,0.0,0.0,0.0,0.0,0.0,0.0,0.0,0.0,0.0,0.0,0.0,0.0,0.0,0.0,0.0,0.0,-11.50082,-17.00335,-18.46554,-11.12143,-5.727764,-4.114676,-2.129378,-3.658223,-5.450563,-7.473725,-9.914351,-12.45738,-15.62034,-18.59938,-20.57546,-21.51024,-21.11793,-20.714,-20.51599,-20.27019,-20.24744,-20.35583,-20.58923,-20.891,-21.36003,-21.75162,-22.10534,-22.30985,-22.39232,-22.40451,-22.33323,-22.07858,-21.63991,-21.13938,-20.59156,-20.0164,-19.38973,-18.79295
4.983576,2.939198,2.343769,0.3710502,1.503381,0.0,0.0,0.0,0.0,0.0,0.0,0.0,0.0,0.0,0.0,0.0,0.0,0.0,0.0,0.0,0.0,0.0,-9.983623,-24.27125,-21.68098,-16.51971,-8.250297,-1.585739,0.8766484,1.447776,0.3899238,-2.113225,-5.809449,-9.519854,-12.41277,-15.35966,-17.91278,-19.68657,-20.62473,-20.74352,-20.81071,-20.96459,-21.14611,-21.20065,-21.31467,-21.66158,-22.01111,-22.37958,-22.74433,-23.07622,-23.22976,-23.24109,-23.18267,-23.10251,-22.90271,-22.51661,-21.91588,-21.25815,-20.61606,-19.95041,-19.26362,-18.61896
3.083712,0.8773512,-1.269742,-3.169905,-2.801916,0.0,0.0,0.0,0.0,0.0,0.0,0.0,0.0,0.0,0.0,0.0,0.0,0.0,0.0,0.0,-5.561022,-15.89883,-15.65789,-12.68257,-8.588664,-1.984502,0.4426359,3.734402,3.011324,-0.1194635,-4.926985,-8.430307,-11.31703,-13.42981,-15.76771,-17.77815,-19.36835,-20.31503,-20.75133,-20.96711,-21.26407,-21.64852,-21.95703,-22.1434,-22.45373,-22.85338,-23.25082,-23.56075,-23.89001,-24.08959,-24.08452,-23.95423,-23.80175,-23.57382,-23.24143,-22.72711,-22.03287,-21.32644,-20.66651,-19.97033,-19.30845,-18.65595
0.6257035,-1.355732,-2.582608,-0.9861215,1.313002,4.647936,3.383282,4.593183,0.0,0.0,0.0,0.0,0.0,0.0,0.0,0.0,0.0,0.0,0.0,0.0,-14.53262,-19.59545,-12.63302,-9.320848,-1.995148,0.7505459,-0.2073339,-1.170725,-1.507065,-6.382952,-11.09508,-16.94928,-18.43222,-18.58113,-19.38169,-20.28037,-20.92653,-21.44976,-21.79306,-22.07062,-22.39417,-22.69104,-22.96525,-23.16204,-23.45461,-23.88848,-24.23852,-24.51112,-24.69701,-24.78731,-24.68055,-24.47626,-24.18751,-23.85684,-23.43294,-22.85632,-22.10162,-21.35806,-20.70563,-20.06793,-19.43908,-18.85417
-2.147957,-2.946157,-2.358752,-0.3799604,1.751419,4.501395,4.832684,4.593183,0.0,0.0,0.0,0.0,0.0,0.0,0.0,0.0,-3.055828,-8.087505,-11.59557,-15.37096,-20.27714,-9.358283,-5.825743,-4.426113,-5.020418,-7.032256,-8.560265,-12.98676,-14.22175,-12.37653,-16.8846,-21.71037,-24.14425,-22.95334,-22.81703,-22.68832,-22.83935,-22.98311,-23.2195,-23.42173,-23.61452,-23.74916,-23.86361,-23.95845,-24.23899,-24.61533,-24.93049,-25.10815,-25.22335,-25.20937,-25.0936,-24.82033,-24.44755,-23.99496,-23.51126,-22.8673,-22.11238,-21.35398,-20.68184,-20.08626,-19.53845,-19.06302
-4.928191,-4.433936,-2.767751,-1.662261,-0.09857022,0.1823427,0.639991,1.014946,-5.087175,-10.80328,-12.10647,-13.15828,-5.79497,0.0,0.0,0.0,-9.521559,-10.63819,-13.42043,-13.312,-12.69947,-7.309645,-5.518825,-5.088315,-7.293396,-11.41861,-13.22,-15.53475,-22.53829,-20.57976,-23.74573,-25.91842,-27.03301,-25.94156,-25.4215,-24.93871,-24.71139,-24.63375,-24.65299,-24.65704,-24.62979,-24.56203,-24.52811,-24.57081,-24.7841,-25.09346,-25.31962,-25.47564,-25.50693,-25.49575,-25.34849,-25.06027,-24.63914,-24.16764,-23.58437,-22.88924,-22.10252,-21.31884,-20.57744,-19.99655,-19.51165,-19.13162
-7.621134,-6.332039,-4.435781,-3.338192,-3.221104,-4.178074,-4.904041,-4.745182,-5.532128,-7.962754,-9.320177,-13.24101,-16.69019,-16.06176,-13.85279,-27.06134,-19.48268,-15.77901,-7.011858,-7.218932,-7.487912,-8.065305,-8.577151,-9.501146,-10.45493,-12.60154,-15.14456,-19.51635,-28.72687,-30.05538,-28.18733,-29.13772,-28.6876,-27.9183,-27.36843,-26.68503,-26.28863,-26.02899,-25.85473,-25.63439,-25.43392,-25.23656,-25.11642,-25.06726,-25.22873,-25.45871,-25.65177,-25.73879,-25.75798,-25.69413,-25.54229,-25.23131,-24.81854,-24.33906,-23.73444,-23.02552,-22.25004,-21.39938,-20.58912,-19.94563,-19.48305,-19.17338
-10.40412,-8.358415,-6.279461,-5.29286,-5.889497,-6.858963,-7.482648,-6.633692,-6.705313,-6.663719,-5.245224,-3.452155,-8.861815,-11.12659,-14.25278,-18.09102,-17.77845,-16.76735,-13.61753,-10.51397,-8.40915,-9.375396,-12.32317,-12.69884,-12.02243,-15.47054,-22.22938,-27.87214,-31.6815,-32.68032,-31.71568,-31.02002,-30.11168,-29.23228,-28.58022,-27.80019,-27.30539,-26.89532,-26.54115,-26.1778,-25.79664,-25.45169,-25.16748,-25.06625,-25.17965,-25.40738,-25.56212,-25.61187,-25.5788,-25.51575,-25.33762,-25.0421,-24.64442,-24.18661,-23.63626,-22.98117,-22.22294,-21.41173,-20.63564,-19.97049,-19.49431,-19.15656
-12.8805,-10.45395,-8.23981,-7.404747,-7.639774,-8.202463,-7.647933,-6.514933,-6.263828,-6.181857,-5.645031,-4.126483,-4.921866,-7.514168,-9.467711,-11.88618,-10.76456,-13.44877,-14.65017,-13.80022,-11.23742,-11.63232,-14.14807,-17.03611,-14.12774,-23.2773,-28.7478,-32.05556,-33.99127,-34.27132,-33.91217,-33.23542,-31.63674,-30.69682,-29.75192,-28.88341,-28.20581,-27.58215,-27.08116,-26.58495,-26.08176,-25.55945,-25.15398,-24.94638,-25.02417,-25.16247,-25.28723,-25.27843,-25.23498,-25.14234,-24.9859,-24.71694,-24.36342,-23.90694,-23.36133,-22.78665,-22.10349,-21.37033,-20.67562,-20.03158,-19.5512,-19.15616
-14.74043,-12.38127,-10.70267,-9.854943,-9.68143,-9.239825,-8.031569,-6.849329,-6.582315,-6.655756,-7.076616,-7.600262,-8.421486,-9.57012,-10.98101,-12.49364,-11.63159,-9.909199,-7.54211,-8.546267,-10.67148,-13.70973,-16.7271,-23.79889,-23.78955,-30.33478,-33.13628,-35.21991,-35.92787,-36.22031,-35.7799,-34.72937,-33.16893,-31.97231,-30.83914,-29.86124,-29.09544,-28.40422,-27.80562,-27.21848,-26.57874,-25.9468,-25.39208,-25.10654,-25.00062,-24.99161,-24.95122,-24.90025,-24.80193,-24.71122,-24.52928,-24.29222,-23.95717,-23.5519,-23.0246,-22.4662,-21.81037,-21.1321,-20.50677,-19.86034,-19.33721,-18.93924
-16.9795,-15.03448,-13.25656,-12.2694,-11.62024,-10.48088,-8.699587,-7.427914,-6.808708,-7.131604,-7.521382,-8.192591,-8.809318,-8.693678,-7.934842,-7.781162,-7.700955,-6.564931,-5.950166,-7.39461,-11.87181,-15.95115,-23.52785,-31.88291,-35.00362,-34.80833,-36.64288,-37.5422,-37.61634,-37.21587,-36.44614,-35.21815,-33.80626,-32.70581,-31.6007,-30.70748,-29.92139,-29.20037,-28.54384,-27.86844,-27.16445,-26.42477,-25.81466,-25.35378,-25.10749,-24.88172,-24.71461,-24.50865,-24.34478,-24.1652,-23.979,-23.70923,-23.37205,-22.94952,-22.45814,-21.92874,-21.34413,-20.68131,-20.09036,-19.49564,-19.05256,-18.75138
-18.81519,-16.73016,-15.03587,-13.92124,-13.13057,-11.67048,-9.943215,-8.330356,-7.545531,-7.184362,-6.888753,-6.916615,-7.001832,-6.549088,-5.532835,-4.782909,-4.441837,-5.200309,-7.231225,-11.48604,-16.82648,-24.80002,-34.49791,-39.0733,-38.71414,-38.48135,-38.60135,-38.57862,-37.64462,-36.8337,-35.70419,-34.61079,-33.55898,-32.76384,-31.96052,-31.1933,-30.44514,-29.70513,-28.96866,-28.21383,-27.39143,-26.62152,-25.91324,-25.44547,-25.03759,-24.7218,-24.37615,-24.06943,-23.78294,-23.53881,-23.21003,-22.8695,-22.48517,-22.03286,-21.57565,-21.09337,-20.63001,-20.23305,-19.85855,-19.43477,-19.10223,-18.89736
-18.96386,-17.2077,-15.62872,-14.65081,-13.96425,-12.83965,-11.08779,-9.518527,-8.3728,-7.414037,-6.420484,-5.936003,-5.586462,-5.195923,-4.93278,-4.929798,-5.318836,-7.531457,-11.39275,-17.25798,-28.43027,-36.18546,-40.28931,-40.6898,-39.84766,-39.41833,-39.03942,-37.58961,-36.36431,-35.09516,-33.99354,-33.06635,-32.43049,-32.01457,-31.57646,-31.06154,-30.42304,-29.72594,-28.96084,-28.11123,-27.21995,-26.29686,-25.5908,-25.0164,-24.6232,-24.22821,-23.90191,-23.48333,-23.14358,-22.79128,-22.38097,-21.91357,-21.45783,-20.99382,-20.57323,-20.26658,-20.08622,-19.9907,-19.86418,-19.6003,-19.37164,-19.23542
-17.59119,-16.21213,-15.24388,-14.50248,-14.01551,-12.99078,-11.32973,-9.789509,-8.634378,-7.431317,-6.349353,-5.638837,-5.459123,-5.557027,-5.857887,-6.738078,-8.659445,-12.4547,-18.57018,-26.08507,-36.98718,-41.02009,-41.18096,-40.33767,-39.26343,-38.60182,-37.21484,-35.61462,-34.06262,-32.79422,-31.6736,-30.90625,-30.38175,-30.1423,-30.02382,-29.86998,-29.6061,-29.16024,-28.56381,-27.76683,-26.70145,-25.64241,-24.70825,-24.16306,-23.68601,-23.40933,-23.09634,-22.75448,-22.33407,-21.96561,-21.51982,-21.04879,-20.58297,-20.12531,-19.70675,-19.59247,-19.56412,-19.61377,-19.70154,-19.70318,-19.72176,-19.70764
-15.55229,-14.89716,-14.36856,-13.99219,-13.51067,-12.43508,-10.69176,-9.302564,-8.088745,-7.147453,-6.184296,-5.747881,-5.850078,-6.760192,-8.095888,-10.17452,-13.69947,-19.41772,-26.83659,-34.29421,-39.36525,-41.41286,-40.0547,-38.76236,-37.57967,-36.13497,-34.59657,-32.95432,-31.60338,-30.29253,-29.23673,-28.34829,-27.70737,-27.30757,-27.17246,-27.22628,-27.36894,-27.50824,-27.43209,-26.9965,-26.0644,-24.69775,-23.62057,-22.78353,-22.42393,-22.17884,-22.05483,-21.76735,-21.44225,-21.0584,-20.68416,-20.29696,-19.89833,-19.39638,-19.04178,-18.97831,-19.02258,-19.24134,-19.4935,-19.65794,-19.81029,-19.97866
-13.73117,-13.37525,-13.15057,-12.84776,-12.51104,-11.42359,-9.997485,-8.573458,-7.547822,-6.671449,-6.286846,-6.008058,-6.769293,-8.217861,-10.86331,-14.50411,-20.00362,-26.32125,-32.78388,-37.18132,-39.47396,-39.39064,-37.92883,-36.31284,-34.67072,-33.05802,-31.47487,-30.18178,-28.98671,-27.87516,-26.76401,-25.80979,-24.94441,-24.24518,-23.68362,-23.38794,-23.45282,-23.85661,-24.55324,-24.89717,-24.39873,-23.22495,-21.84333,-21.02351,-20.87945,-20.95519,-20.7632,-20.63716,-20.40111,-20.16329,-19.91579,-19.66029,-19.35338,-18.95426,-18.58644,-18.40153,-18.56142,-18.98077,-19.33368,-19.57897,-19.85973,-20.2137
-11.49292,-11.46739,-11.34506,-11.18096,-10.74606,-10.06575,-8.918128,-7.830845,-6.802939,-6.468301,-6.320965,-6.719276,-7.668836,-9.99368,-13.73331,-19.16033,-26.67161,-31.26517,-35.02592,-37.31129,-37.50439,-36.65326,-34.86737,-33.0994,-31.32497,-29.68726,-28.32886,-27.20595,-26.27217,-25.32992,-24.42727,-23.46244,-22.5925,-21.64972,-20.75359,-19.84912,-19.11202,-18.74926,-18.73054,-19.21321,-19.52012,-19.46928,-18.49655,-18.46492,-19.31004,-19.47206,-19.50018,-19.32009,-19.23055,-19.15596,-19.12209,-19.0597,-18.91137,-18.63672,-18.26249,-18.02258,-18.13642,-18.62226,-19.20314,-19.69594,-20.17715,-20.67257
-8.74611,-8.707613,-8.767896,-8.525918,-8.321608,-7.885115,-7.414822,-6.785245,-6.329273,-6.116908,-6.674266,-7.362807,-9.355637,-12.29486,-17.72207,-23.24967,-29.53263,-33.59719,-35.14085,-35.42405,-34.68936,-33.2207,-31.49901,-29.74415,-27.99119,-26.53668,-25.22017,-24.20966,-23.34156,-22.6291,-21.96309,-21.3416,-20.57656,-19.7327,-18.64648,-17.4279,-16.04521,-14.5109,-12.82673,-11.32026,-16.46039,-21.47633,-15.22416,-18.07641,-18.33127,-18.46778,-18.2021,-18.06596,-17.98884,-18.00303,-18.08287,-18.11965,-18.24272,-18.27698,-18.07915,-17.91472,-17.98646,-18.54729,-19.34929,-20.10481,-20.73263,-21.23205
-5.481735,-5.192248,-4.997742,-4.966252,-4.945646,-4.956886,-5.050765,-5.349705,-5.46774,-6.027854,-6.635083,-8.230817,-10.45985,-14.51653,-20.40048,-26.62553,-30.25797,-33.08732,-33.4357,-32.64219,-31.17364,-29.58258,-27.94647,-26.32745,-24.80065,-23.34641,-22.2246,-21.19401,-20.43593,-19.84588,-19.49845,-19.21312,-18.84897,-18.18241,-17.23948,-16.02985,-14.86396,-13.80362,-12.73168,-12.27104,-18.4762,-22.65106,-17.73769,-19.17176,-18.52595,-17.99323,-17.2554,-16.748,-16.62942,-16.72183,-16.88259,-17.07578,-17.28593,-17.52327,-17.67453,-17.82359,-18.08144,-18.73297,-19.62087,-20.49347,-21.18816,-21.69272
